[8,8 = 9]
[8,7 = 3]
[8,4 = 8]
[8,3 = 1]
[8,2 = 4]
[8,0 = 7]
[7,6 = 2]
[7,5 = 7]
[7,3 = 4]
[7,2 = 9]
[7,0 = 6]
[6,8 = 1]
[6,7 = 4]
[6,5 = 6]
[6,4 = 2]
[6,1 = 3]
[5,8 = 4]
[5,7 = 6]
[5,5 = 9]
[5,4 = 7]
[5,3 = 8]
[5,2 = 1]
[5,1 = 5]
[4,8 = 2]
[4,6 = 5]
[4,5 = 1]
[4,4 = 4]
[4,3 = 6]
[4,2 = 3]
[4,0 = 8]
[3,7 = 7]
[3,6 = 1]
[3,5 = 2]
[3,4 = 5]
[3,3 = 3]
[3,1 = 4]
[3,0 = 9]
[2,7 = 5]
[2,4 = 1]
[2,3 = 2]
[2,1 = 8]
[2,0 = 3]
[1,8 = 7]
[1,6 = 8]
[1,5 = 3]
[1,3 = 5]
[1,2 = 2]
[0,8 = 3]
[0,6 = 4]
[0,5 = 8]
[0,4 = 9]
[0,1 = 6]
[0,0 = 1]
===========
===========
